Metodo de Euler
y(0) = 0
h = 0.1
0 0
1 0.1
2 0.23
3 0.402
4 0.6328
5 0.94592
6 1.374288
7 1.9640032
8 2.77960448
9 3.911446272
10 5.4860247808
11 7.68043469312
12 10.742608570368
13 15.0196519985152
14 20.99751279792128
15 29.356517917089792
16 41.0491250839257088
17 57.40877511749599232
18 80.302285164494389248
19 112.3431992302921449472
20 157.19047892240900292608

Metodo de Euler Inverso
y(0) = 0
h = 0.1
0 0
1 0.13
2 0.3188
3 0.599328
4 1.02295168
5 1.6698046208
6 2.664895208448
7 4.20323652517888
8 6.5890489792790528
9 10.296916407675322368
10 16.06718959597350289408
11 25.0548157697186645147648
12 39.061512600761116643033088
13 60.89795965718734196313161728
14 94.94881706521225346248532296
15 148.0541546217311154014771038
16 230.8844812099005400263042819
17 360.0857906874448424410346798
18 561.6258334724139542080141005
19 876.0143002169657685645019968
20 1366.446308338466598960623115

Metodo de Euler Aprimorado
y(0) = 0
h = 0.1
0 0
1 0.115
2 0.273200
3 0.495336000
4 0.812097280000
5 1.268903974400000
6 1.932977882112000000
7 2.903807265525760000000
8 4.328634752978124800000000
9 6.425379434407624704000000000
10 9.516561562923284561920000000
11 14.07951111312646115164160000
12 20.82067644742716250442956800
13 30.78560114219220050655576064
14 45.52168969044445674970252575
15 67.31910074185779598955973811
16 99.56726909794953806454841240
17 147.2825582649653163355316504
18 217.8891862321486681765868426
19 322.3749956235800289013485270
20 477.0019935228984427739958200

Metodo de Runge-Kutta
y(0) = 0
h = 0.1
0 0
1 0.117200
2 0.2797378133333333333333333333
3 0.5099075540764444444444444445
4 0.8409660953343013925925925928
5 1.322523823280021864043456790
6 2.028586204647584615322425942
7 3.069549661012956890163640192
8 4.610096214321728224953440862
9 6.895887526110866050770546182
10 10.29338528561711591680278276
11 15.34925261006457238362527114
12 22.87896509352032477706660447
13 34.09899486217405248077615611
14 50.82399393573377322065648461
15 75.76093922039859397236063331
16 112.9479183997092625817027687
17 168.4086814741262973018787435
18 251.1290571110033352284559176
19 374.5135054610540419381286408
20 558.5579065464363494938377645

Metodo de Adams-Bashforth
y(0) = 0.0
y(0.1) = 0.1
y(0.2) = 0.23
y(0.3) = 0.402
y(0.4) = 0.6328
h = 0.1
0 0.0
1 0.1
2 0.23
3 0.402
4 0.6328
5 1.000069333333333369804307722
6 1.561434112592592721163898621
7 2.371478955576955020328690532
8 3.556289756810254792215520245
9 5.322112152811019951326094284
10 7.948071435097197992157104466
11 11.84287947003793762100701255
12 17.63484456504331122959629651
13 26.26323600324025660357527472
14 39.11619858901279286774103955
15 58.26318065137902459279673585
16 86.79727381134619038245839404
17 129.3292255974567189702797032
18 192.7285234455175169266562633
19 287.2380752505457643972280642
20 428.1320989639956511611236824

Metodo de Adams-Bashforth por Euler Aprimorado
y(0) = 0
h = 0.1
0 0
1 0.115
2 0.273200
3 0.495336000
4 0.812097280000
5 1.268903974400000
6 1.945665335808000162178919368
7 2.950345550541227259319114426
8 4.430330733618684195150633088
9 6.621782456444580923688394563
10 9.886678943910465878725754545
11 14.74496582699549299369742693
12 21.96943623536662322147003465
13 32.73516478160922211650187181
14 48.78966018696075442472378387
15 72.71728424412104880959429160
16 108.3861482555215765427920238
17 161.5844476205437493324548828
18 240.9243942843869554601903362
19 359.2389766222751933223719955
20 535.6960631387403165408091895

Metodo de Adam-Moulton
y(0) = 0.0
y(0.1) = 0.1
y(0.2) = 0.23
y(0.3) = 0.402
y(0.4) = 0.6328
h = 0.1
0 0.0
1 0.1
2 0.23
3 0.402
4 0.6328
5 1.007467370370370371074726285
6 1.564200643623471092530859964
7 2.373187263195374925899285428
8 3.571580395205915449654617029
9 5.348491896382270040987247145
10 7.984700574265193392945527923
11 11.90573645464671585557999448
12 17.74337478714579352187652072
13 26.43923373209798525692551703
14 39.39955269409309372873438139
15 58.72168742719776209483870323
16 87.53419271161670931422463130
17 130.5045963290431754478492341
18 194.5958845797665161233269263
19 290.1954050439088490318599307
20 432.7991427028409577738385981

Metodo de Adam-Moulton por Euler
y(0) = 0
h = 0.1
0 0
1 0.1
2 0.23
3 0.402
4 0.6328
5 1.007467370370370371074726285
6 1.564200643623471092530859964
7 2.373187263195374925899285428
8 3.571580395205915449654617029
9 5.348491896382270040987247145
10 7.984700574265193392945527923
11 11.90573645464671585557999448
12 17.74337478714579352187652072
13 26.43923373209798525692551703
14 39.39955269409309372873438139
15 58.72168742719776209483870323
16 87.53419271161670931422463130
17 130.5045963290431754478492341
18 194.5958845797665161233269263
19 290.1954050439088490318599307
20 432.7991427028409577738385981

Metodo Formula Inversa de Diferenciacao
y(0) = 0.0
y(0.1) = 0.1
y(0.2) = 0.23
y(0.3) = 0.402
y(0.4) = 0.6328
h = 0.1
0 0.0
1 0.1
2 0.23
3 0.402
4 0.6328
5 0.9835157956204379682183908676
6 1.523703860098389249437679493
7 2.325392027192315847662996347
8 3.501091628922500391104520102
9 5.238522246458493388687264400
10 7.821827579500501534119246410
11 11.66700395182004736095228690
12 17.39114525901529343174787290
13 25.91810129978639491542956282
14 38.62882267474359423347366727
15 57.58287841623693241487289487
16 85.85189551757414466467926671
17 128.0191342886968982503968356
18 190.9239564454870586208035254
19 284.7714143191716517868015719
20 424.7880305909138232441236552

